100
2 011
6 1222001
3 8539
6 1112011
1 07
6 2010221
3 5651
6 0000066
5 209001
2 001
4 10101
6 6340555
6 1010201
3 3001
3 3001
3 2202
6 2110211
6 3662069
2 001
6 0003201
0 2
6 2222211
0 1
3 0102
3 1111
1 49
6 9850041
6 8862879
5 202111
6 9050071
6 9999999
6 3006009
6 1200022
5 110011
3 4001
6 2966894
1 21
2 808
6 0002021
6 0000001
1 11
4 01001
0 1
6 1210111
3 0001
2 001
6 0000902
6 3011534
6 5584226
4 00031
6 2030011
6 4600401
6 0000001
1 09
4 32521
6 2403001
6 0500001
6 1111111
6 9266543
1 18
6 0000001
0 1
0 1
6 0000061
6 0003031
6 1905227
6 6304004
4 11111
1 01
6 0012221
6 5000001
1 11
6 8213116
6 6000001
6 0810001
2 001
6 0000006
6 1190201
6 0000071
0 3
2 001
0 3
6 0000401
4 67001
6 4000131
3 1301
6 3600006
6 0010061
6 2060001
4 00004
2 008
6 0030004
6 0000017
2 672
6 3010301
5 800001
6 0483004
0 4
4 00001
6 3717049
